 <pre>

 Contingency table for Visibility (m)
 Selection: ALL    713 stations
Period: 20230114-20230214
Used {00,03,...,21} + 00 01 ... 36
 Limits    1000.00000       5000.00000       10000.0000       20000.0000    
 Each class is data <= limit, the very last > last limit
 Total number of values     1110795
                                     OBSERVATION
                                   9331    12827     5796     4920     3580 |     36454
                                  11272    56520    41127    50078    47761 |    206758
                          e421     4205    25947    40175    83311   117854 |    271492
                                   1788    11185    26028    77628   191153 |    307782
                                   2499    12080    25024    72933   175773 |    288309

                    SUM           29095   118559   138150   288870   536121 |   1110795
                                     OBSERVATION
                                   9415    12808     5790     5004     3721 |     36738
                                  11182    56362    40870    49813    47514 |    205741
                          e423     4226    26109    40391    83611   118282 |    272619
                                   1756    11246    26080    77710   191183 |    307975
                                   2516    12034    25019    72732   175421 |    287722

                    SUM           29095   118559   138150   288870   536121 |   1110795

