 <pre>

 Contingency table for U10m (m/s)
 Selection: ALL   1011 stations
Period: 20230114-20230214
Used {00,03,...,21} + 00 01 ... 36
 Limits    1.50000000       3.29999995       5.50000000       8.00000000       10.8000002       13.8999996       24.5000000    
 Each class is data <= limit, the very last > last limit
 Total number of values     1728006
                                              OBSERVATION
                                 159200    53286     7089     1247      211       19        2        0 |    221054
                                 167682   254728    66229     8667     2290      362       28        0 |    499986
                                  29362   163158   199557    59622     7755     2150      154        0 |    461758
                          e421     3628    24805    94877   119911    38828     6075      974        0 |    289098
                                    603     2887    13318    46951    61024    26113     3841        1 |    154738
                                     47      448     1637     5871    16756    29206    14072        2 |     68039
                                      3       27       86      587     2108     7491    22720      255 |     33277
                                      0        0        0        0        0        0       35       21 |        56

                    SUM          360525   499339   382793   242856   128972    71416    41826      279 |   1728006
                                              OBSERVATION
                                 159553    53417     7073     1245      211       20        2        0 |    221521
                                 167422   254855    66212     8615     2263      360       18        0 |    499745
                                  29249   162960   199637    59754     7714     2176      163        0 |    461653
                          e423     3659    24702    94889   119710    38937     6051      952        0 |    288900
                                    595     2941    13257    47114    60860    26155     3801        1 |    154724
                                     44      439     1635     5858    16896    29109    14195        3 |     68179
                                      3       25       90      560     2091     7545    22659      255 |     33228
                                      0        0        0        0        0        0       36       20 |        56

                    SUM          360525   499339   382793   242856   128972    71416    41826      279 |   1728006

