 <pre>

 Contingency table for Rh2m (%)
 Selection: ALL   1060 stations
Period: 20230114-20230214
Used {00,03,...,21} + 00 01 ... 36
 Limits    30.0000000       50.0000000       65.0000000       75.0000000       85.0000000       95.0000000       100.000000    
 Each class is data <= limit, the very last > last limit
 Total number of values     1819179
                                              OBSERVATION
                                    111       70       18        6       13        5        0        0 |       223
                                   1241     3531     2928     1798     2185      800       34        0 |     12517
                                    200     5800    24950    16563    14084     9028      912        0 |     71537
                          e421       20     1914    29068    58158    49392    27097     4139        0 |    169788
                                      1      828    16779    74187   188169   152610    22748        0 |    455322
                                      0      152     4391    28468   160978   466576   156819        0 |    817384
                                      0       12      300     1925    13819    97514   178736        0 |    292306
                                      0        0        0        0        5       32       65        0 |       102

                    SUM            1573    12307    78434   181105   428645   753662   363453        0 |   1819179
                                              OBSERVATION
                                    110       72       16        2       11        5        0        0 |       216
                                   1239     3523     2909     1770     2175      762       35        0 |     12413
                                    205     5825    25003    16638    14006     9044      882        0 |     71603
                          e423       18     1897    29042    57965    49489    27149     4129        0 |    169689
                                      1      831    16801    74251   188078   152389    22624        0 |    454975
                                      0      144     4361    28535   161111   466892   157511        0 |    818554
                                      0       15      302     1944    13770    97391   178209        0 |    291631
                                      0        0        0        0        5       30       63        0 |        98

                    SUM            1573    12307    78434   181105   428645   753662   363453        0 |   1819179

