 <pre>

 Contingency table for Cloud cover (octas)
 Selection: ALL    602 stations
Period: 20230114-20230214
Used {00,03,...,21} + 01 02 ... 36
 Limits   0.500000000       1.50000000       2.50000000       3.50000000       4.50000000       5.50000000       6.50000000       7.50000000    
 Each class is data <= limit, the very last > last limit
 Total number of values      792532
                                                       OBSERVATION
                                  76861     7431     4621     3827     2822     3378     3510     7850    22858 |    133158
                                   8222     1336      974      890      769      954     1143     3064     7047 |     24399
                                   4765      766      575      586      493      570      794     1896     4526 |     14971
                                   3727      672      501      473      396      531      632     1637     3726 |     12295
                          e421     3485      666      468      440      366      457      652     1579     3696 |     11809
                                   3571      674      482      483      439      552      720     1783     4307 |     13011
                                   4920      919      638      673      508      698      868     2478     6009 |     17711
                                   7664     1371      958     1050      840     1181     1447     4362    11154 |     30027
                                  37569     9256     6018     7593     6025     9906    12834    78318   367632 |    535151

                    SUM          150784    23091    15235    16015    12658    18227    22600   102967   430955 |    792532
                                                       OBSERVATION
                                  76805     7443     4670     3897     2816     3415     3547     7860    22656 |    133109
                                   8221     1368      977      853      791      982     1182     2975     7197 |     24546
                                   4756      771      570      568      471      574      717     1937     4483 |     14847
                                   3830      659      507      461      390      489      615     1622     3728 |     12301
                          e423     3423      669      462      437      387      444      607     1695     3761 |     11885
                                   3682      642      504      482      428      518      723     1769     4257 |     13005
                                   4921      916      646      673      495      736      888     2457     6163 |     17895
                                   7679     1457      950     1060      839     1159     1553     4499    11123 |     30319
                                  37467     9166     5949     7584     6041     9910    12768    78153   367587 |    534625

                    SUM          150784    23091    15235    16015    12658    18227    22600   102967   430955 |    792532

